 198  505
 199  505
 200  505
 201  505
 202  505
 203  505
 204  505
 205  505
 198  506
 199  506
 200  506
 201  506
 202  506
 203  506
 204  506
 205  506
 206  506
 207  506
 208  506
 209  506
 210  506
 211  506
 212  506
 213  506
 214  506
 215  506
 216  506
 198  507
 199  507
 200  507
 201  507
 202  507
 203  507
 204  507
 205  507
 206  507
 207  507
 208  507
 209  507
 210  507
 211  507
 212  507
 213  507
 214  507
 215  507
 216  507
 217  507
 218  507
 219  507
 220  507
 221  507
 222  507
 223  507
 224  507
 204  508
 205  508
 206  508
 207  508
 208  508
 209  508
 210  508
 211  508
 212  508
 213  508
 214  508
 215  508
 216  508
 217  508
 218  508
 219  508
 220  508
 221  508
 222  508
 223  508
 224  508
 225  508
 226  508
 227  508
 228  508
 229  508
 230  508
 231  508
 232  508
 236  508
 213  509
 214  509
 215  509
 216  509
 217  509
 218  509
 219  509
 220  509
 221  509
 222  509
 223  509
 224  509
 225  509
 226  509
 227  509
 228  509
 229  509
 230  509
 231  509
 232  509
 233  509
 234  509
 235  509
 236  509
 237  509
 238  509
 239  509
 240  509
 241  509
 242  509
 243  509
 244  509
 223  510
 224  510
 225  510
 226  510
 227  510
 228  510
 229  510
 230  510
 231  510
 232  510
 233  510
 234  510
 235  510
 236  510
 237  510
 238  510
 239  510
 240  510
 241  510
 242  510
 243  510
 244  510
 245  510
 246  510
 247  510
 248  510
 249  510
 250  510
 251  510
 253  510
 233  511
 234  511
 235  511
 236  511
 237  511
 238  511
 239  511
 240  511
 241  511
 242  511
 243  511
 244  511
 245  511
 246  511
 247  511
 248  511
 249  511
 250  511
 251  511
 252  511
 253  511
 254  511
 255  511
 256  511
 257  511
 245  512
 246  512
 247  512
 248  512
 249  512
 250  512
 251  512
 252  512
 253  512
 254  512
 255  512
 256  512
 257  512
 253  513
 254  513
 255  513
 256  513
 257  513
 426  529
 427  529
 428  529
 429  529
 430  529
 431  529
 432  529
 433  529
 434  529
 435  529
 436  529
 425  530
 426  530
 427  530
 428  530
 429  530
 430  530
 431  530
 432  530
 433  530
 434  530
 435  530
 436  530
 437  530
 438  530
 439  530
 440  530
 441  530
 442  530
 443  530
 444  530
 445  530
 426  531
 427  531
 428  531
 429  531
 430  531
 431  531
 432  531
 433  531
 434  531
 435  531
 436  531
 437  531
 438  531
 439  531
 440  531
 441  531
 442  531
 443  531
 444  531
 445  531
 446  531
 447  531
 448  531
 449  531
 450  531
 451  531
 452  531
 453  531
 454  531
 455  531
1143  531
1144  531
1145  531
1146  531
1147  531
1148  531
 432  532
 433  532
 434  532
 435  532
 436  532
 437  532
 438  532
 439  532
 440  532
 441  532
 442  532
 443  532
 444  532
 445  532
 446  532
 447  532
 448  532
 449  532
 450  532
 451  532
 452  532
 453  532
 454  532
 455  532
 456  532
 457  532
 458  532
 459  532
 460  532
 461  532
 462  532
1143  532
1144  532
1145  532
1146  532
1147  532
1148  532
1149  532
1150  532
1151  532
1152  532
1153  532
1154  532
1155  532
1158  532
1159  532
1160  532
 441  533
 442  533
 443  533
 444  533
 445  533
 446  533
 447  533
 448  533
 449  533
 450  533
 451  533
 452  533
 453  533
 454  533
 455  533
 456  533
 457  533
 458  533
 459  533
 460  533
 461  533
 462  533
 463  533
 464  533
 465  533
 466  533
 467  533
 468  533
 469  533
 470  533
 471  533
 472  533
 473  533
 474  533
1142  533
1143  533
1144  533
1145  533
1146  533
1147  533
1148  533
1149  533
1150  533
1151  533
1152  533
1153  533
1154  533
1155  533
1156  533
1157  533
1158  533
1159  533
1160  533
1161  533
1162  533
1163  533
1164  533
1165  533
1166  533
1167  533
1168  533
1169  533
1170  533
 451  534
 452  534
 453  534
 454  534
 455  534
 456  534
 457  534
 458  534
 459  534
 460  534
 461  534
 463  534
 464  534
 465  534
 466  534
 467  534
 468  534
 469  534
 470  534
 471  534
 472  534
 473  534
 474  534
 475  534
 476  534
 477  534
 478  534
 479  534
 480  534
 481  534
 482  534
 483  534
1142  534
1143  534
1144  534
1145  534
1146  534
1147  534
1148  534
1149  534
1150  534
1151  534
1152  534
1153  534
1154  534
1155  534
1156  534
1157  534
1158  534
1159  534
1160  534
1161  534
1162  534
1163  534
1164  534
1165  534
1166  534
1167  534
1168  534
1169  534
1170  534
1171  534
1172  534
1173  534
1174  534
1175  534
1176  534
1177  534
 458  535
 459  535
 465  535
 466  535
 467  535
 468  535
 469  535
 470  535
 471  535
 472  535
 473  535
 474  535
 475  535
 476  535
 477  535
 478  535
 479  535
 480  535
 481  535
 482  535
 483  535
 484  535
1142  535
1143  535
1144  535
1145  535
1146  535
1147  535
1148  535
1149  535
1150  535
1151  535
1152  535
1153  535
1154  535
1155  535
1156  535
1157  535
1158  535
1159  535
1160  535
1161  535
1162  535
1163  535
1164  535
1165  535
1166  535
1167  535
1168  535
1169  535
1170  535
1171  535
1172  535
1173  535
1174  535
1175  535
1176  535
1177  535
1178  535
1179  535
1180  535
1181  535
1182  535
1183  535
1184  535
1187  535
 469  536
 472  536
 473  536
 474  536
 475  536
 476  536
 477  536
 478  536
 479  536
 480  536
 481  536
 482  536
 483  536
 484  536
1143  536
1144  536
1145  536
1146  536
1147  536
1148  536
1149  536
1150  536
1151  536
1152  536
1153  536
1154  536
1155  536
1156  536
1157  536
1158  536
1159  536
1160  536
1161  536
1162  536
1163  536
1164  536
1165  536
1166  536
1167  536
1168  536
1169  536
1170  536
1171  536
1172  536
1173  536
1174  536
1175  536
1176  536
1177  536
1178  536
1179  536
1180  536
1181  536
1182  536
1183  536
1184  536
1185  536
1186  536
1187  536
1188  536
1189  536
1190  536
1191  536
1192  536
1193  536
 482  537
 483  537
1148  537
1149  537
1150  537
1151  537
1152  537
1153  537
1154  537
1155  537
1156  537
1157  537
1158  537
1159  537
1160  537
1161  537
1162  537
1163  537
1164  537
1165  537
1166  537
1167  537
1168  537
1169  537
1170  537
1171  537
1172  537
1173  537
1174  537
1175  537
1176  537
1177  537
1178  537
1179  537
1180  537
1181  537
1182  537
1183  537
1184  537
1185  537
1186  537
1187  537
1188  537
1189  537
1190  537
1191  537
1192  537
1193  537
1194  537
1195  537
1196  537
1197  537
1198  537
1199  537
1200  537
1201  537
1156  538
1157  538
1158  538
1159  538
1160  538
1161  538
1162  538
1163  538
1164  538
1165  538
1166  538
1167  538
1168  538
1169  538
1170  538
1171  538
1172  538
1173  538
1174  538
1175  538
1176  538
1177  538
1178  538
1179  538
1180  538
1181  538
1182  538
1183  538
1184  538
1185  538
1186  538
1187  538
1188  538
1189  538
1190  538
1191  538
1192  538
1193  538
1194  538
1195  538
1196  538
1197  538
1198  538
1199  538
1200  538
1165  539
1166  539
1167  539
1168  539
1169  539
1170  539
1171  539
1172  539
1173  539
1174  539
1175  539
1176  539
1177  539
1178  539
1179  539
1180  539
1181  539
1182  539
1183  539
1184  539
1185  539
1186  539
1187  539
1188  539
1189  539
1190  539
1191  539
1192  539
1193  539
1194  539
1195  539
1196  539
1197  539
1198  539
1199  539
1200  539
1176  540
1177  540
1178  540
1179  540
1180  540
1181  540
1182  540
1183  540
1184  540
1185  540
1186  540
1187  540
1188  540
1189  540
1190  540
1191  540
1192  540
1193  540
1194  540
1195  540
1196  540
1197  540
1198  540
1199  540
1200  540
1181  541
1182  541
1183  541
1184  541
1186  541
1187  541
1188  541
1189  541
1190  541
1191  541
1192  541
1193  541
1194  541
1195  541
1196  541
1197  541
1198  541
1199  541
1200  541
1192  542
1193  542
1194  542
1195  542
1196  542
1197  542
1198  542
1199  542
1200  542
1370  556
1371  556
1372  556
1373  556
1374  556
1375  556
1369  557
1370  557
1371  557
1372  557
1373  557
1374  557
1375  557
1376  557
1377  557
1378  557
1379  557
1380  557
1381  557
1382  557
1370  558
1371  558
1372  558
1373  558
1374  558
1375  558
1376  558
1377  558
1378  558
1379  558
1380  558
1381  558
1382  558
1383  558
1384  558
1385  558
1386  558
1387  558
1388  558
1389  558
1390  558
1391  558
1392  558
1393  558
1370  559
1371  559
1372  559
1373  559
1374  559
1375  559
1376  559
1377  559
1378  559
1379  559
1380  559
1381  559
1382  559
1383  559
1384  559
1385  559
1386  559
1387  559
1388  559
1389  559
1390  559
1391  559
1392  559
1393  559
1394  559
1395  559
1396  559
1397  559
1398  559
1399  559
1400  559
1401  559
1402  559
1370  560
1371  560
1372  560
1373  560
1374  560
1375  560
1376  560
1377  560
1378  560
1379  560
1380  560
1381  560
1382  560
1383  560
1384  560
1385  560
1386  560
1387  560
1388  560
1389  560
1390  560
1391  560
1392  560
1393  560
1394  560
1395  560
1396  560
1397  560
1398  560
1399  560
1400  560
1401  560
1402  560
1403  560
1404  560
1405  560
1406  560
1407  560
1408  560
1409  560
1410  560
1411  560
1414  560
1371  561
1372  561
1373  561
1374  561
1375  561
1376  561
1377  561
1378  561
1379  561
1380  561
1381  561
1382  561
1383  561
1384  561
1385  561
1386  561
1387  561
1388  561
1389  561
1390  561
1391  561
1392  561
1393  561
1394  561
1395  561
1396  561
1397  561
1398  561
1399  561
1400  561
1401  561
1402  561
1403  561
1404  561
1405  561
1406  561
1407  561
1408  561
1409  561
1410  561
1411  561
1412  561
1413  561
1414  561
1415  561
1416  561
1417  561
1418  561
1419  561
1420  561
1422  561
1423  561
1424  561
1425  561
1426  561
1377  562
1378  562
1380  562
1381  562
1382  562
1383  562
1384  562
1385  562
1386  562
1387  562
1388  562
1389  562
1390  562
1391  562
1392  562
1393  562
1394  562
1395  562
1396  562
1397  562
1398  562
1399  562
1400  562
1401  562
1402  562
1403  562
1404  562
1405  562
1406  562
1407  562
1408  562
1409  562
1410  562
1411  562
1412  562
1413  562
1414  562
1415  562
1416  562
1417  562
1418  562
1419  562
1420  562
1421  562
1422  562
1423  562
1424  562
1425  562
1426  562
1427  562
1385  563
1386  563
1387  563
1388  563
1389  563
1390  563
1391  563
1392  563
1393  563
1394  563
1395  563
1396  563
1397  563
1398  563
1399  563
1400  563
1401  563
1402  563
1403  563
1404  563
1405  563
1406  563
1407  563
1408  563
1409  563
1410  563
1411  563
1412  563
1413  563
1414  563
1415  563
1416  563
1417  563
1418  563
1419  563
1420  563
1421  563
1422  563
1423  563
1424  563
1425  563
1426  563
1427  563
1393  564
1394  564
1397  564
1398  564
1399  564
1400  564
1401  564
1402  564
1403  564
1404  564
1405  564
1406  564
1407  564
1408  564
1409  564
1410  564
1411  564
1412  564
1413  564
1414  564
1415  564
1416  564
1417  564
1418  564
1419  564
1420  564
1421  564
1422  564
1423  564
1424  564
1425  564
1426  564
1427  564
1405  565
1406  565
1407  565
1408  565
1409  565
1410  565
1411  565
1412  565
1413  565
1414  565
1415  565
1416  565
1417  565
1418  565
1419  565
1420  565
1421  565
1422  565
1423  565
1424  565
1425  565
1426  565
1427  565
1414  566
1415  566
1416  566
1417  566
1418  566
1419  566
1420  566
1421  566
1422  566
1423  566
1425  566
1426  566
1427  566
1422  567
1425  567
1426  567
 881  578
 882  578
 883  578
 884  578
 880  579
 881  579
 882  579
 883  579
 884  579
 885  579
 886  579
 887  579
 888  579
 889  579
 890  579
 891  579
 892  579
 893  579
 894  579
 895  579
 880  580
 881  580
 882  580
 883  580
 884  580
 885  580
 886  580
 887  580
 888  580
 889  580
 890  580
 891  580
 892  580
 893  580
 894  580
 895  580
 896  580
 897  580
 898  580
 899  580
 900  580
 901  580
 902  580
 903  580
 904  580
 884  581
 885  581
 886  581
 887  581
 888  581
 889  581
 890  581
 891  581
 892  581
 893  581
 894  581
 895  581
 896  581
 897  581
 898  581
 899  581
 900  581
 901  581
 902  581
 903  581
 904  581
 905  581
 906  581
 907  581
 908  581
 909  581
 910  581
 911  581
 912  581
 890  582
 891  582
 892  582
 893  582
 894  582
 895  582
 896  582
 897  582
 898  582
 899  582
 900  582
 901  582
 902  582
 903  582
 904  582
 905  582
 906  582
 907  582
 908  582
 909  582
 910  582
 911  582
 912  582
 913  582
 914  582
 915  582
 916  582
 917  582
 918  582
 919  582
 920  582
 921  582
 922  582
 900  583
 901  583
 902  583
 903  583
 904  583
 905  583
 906  583
 907  583
 908  583
 909  583
 910  583
 911  583
 912  583
 913  583
 914  583
 915  583
 916  583
 917  583
 918  583
 919  583
 920  583
 921  583
 922  583
 923  583
 924  583
 925  583
 926  583
 927  583
 928  583
 929  583
 930  583
 931  583
 932  583
 933  583
 934  583
 935  583
 936  583
 909  584
 910  584
 911  584
 912  584
 913  584
 914  584
 915  584
 916  584
 917  584
 918  584
 919  584
 920  584
 921  584
 922  584
 923  584
 924  584
 925  584
 926  584
 927  584
 928  584
 929  584
 930  584
 931  584
 932  584
 933  584
 934  584
 935  584
 936  584
 937  584
 938  584
 939  584
 940  584
 922  585
 923  585
 924  585
 925  585
 926  585
 927  585
 928  585
 929  585
 930  585
 931  585
 932  585
 933  585
 934  585
 935  585
 936  585
 937  585
 938  585
 939  585
 940  585
 932  586
 933  586
 934  586
 935  586
 936  586
 937  586
 938  586
 939  586
 940  586
1109  602
1110  602
1111  602
1108  603
1109  603
1110  603
1111  603
1112  603
1113  603
1114  603
1115  603
1116  603
1117  603
1118  603
1119  603
1120  603
1121  603
1108  604
1109  604
1110  604
1111  604
1112  604
1113  604
1114  604
1115  604
1116  604
1117  604
1118  604
1119  604
1120  604
1121  604
1122  604
1123  604
1124  604
1125  604
1126  604
1127  604
1128  604
1129  604
1130  604
1108  605
1109  605
1110  605
1111  605
1112  605
1113  605
1114  605
1115  605
1116  605
1117  605
1118  605
1119  605
1120  605
1121  605
1122  605
1123  605
1124  605
1125  605
1126  605
1127  605
1128  605
1129  605
1130  605
1131  605
1132  605
1133  605
1134  605
1135  605
1136  605
1137  605
1138  605
1117  606
1118  606
1119  606
1120  606
1121  606
1122  606
1123  606
1124  606
1125  606
1126  606
1127  606
1128  606
1129  606
1130  606
1131  606
1132  606
1133  606
1134  606
1135  606
1136  606
1137  606
1138  606
1139  606
1140  606
1141  606
1142  606
1143  606
1144  606
1145  606
1146  606
1147  606
1126  607
1127  607
1128  607
1129  607
1130  607
1131  607
1132  607
1133  607
1134  607
1135  607
1136  607
1137  607
1138  607
1139  607
1140  607
1141  607
1142  607
1143  607
1144  607
1145  607
1146  607
1147  607
1148  607
1149  607
1150  607
1151  607
1152  607
1153  607
1154  607
1155  607
1156  607
1133  608
1137  608
1138  608
1139  608
1140  608
1141  608
1142  608
1143  608
1144  608
1145  608
1146  608
1147  608
1148  608
1149  608
1150  608
1151  608
1152  608
1153  608
1154  608
1155  608
1156  608
1157  608
1158  608
1159  608
1160  608
1161  608
1162  608
1163  608
1164  608
1165  608
1166  608
1141  609
1142  609
1143  609
1144  609
1145  609
1146  609
1147  609
1148  609
1149  609
1150  609
1151  609
1152  609
1153  609
1154  609
1155  609
1156  609
1157  609
1158  609
1159  609
1160  609
1161  609
1162  609
1163  609
1164  609
1165  609
1166  609
1167  609
1168  609
1153  610
1154  610
1155  610
1156  610
1157  610
1158  610
1159  610
1160  610
1161  610
1162  610
1163  610
1164  610
1165  610
1166  610
1167  610
1168  610
1162  611
1163  611
1164  611
1165  611
1166  611
1167  611
1340  627
1337  628
1338  628
1339  628
1340  628
1341  628
1342  628
1343  628
1344  628
1345  628
1346  628
1347  628
1348  628
1349  628
1350  628
1351  628
1337  629
1338  629
1339  629
1340  629
1341  629
1342  629
1343  629
1344  629
1345  629
1346  629
1347  629
1348  629
1349  629
1350  629
1351  629
1352  629
1353  629
1354  629
1355  629
1356  629
1338  630
1339  630
1340  630
1341  630
1342  630
1343  630
1344  630
1345  630
1346  630
1347  630
1348  630
1349  630
1350  630
1351  630
1352  630
1353  630
1354  630
1355  630
1356  630
1357  630
1358  630
1359  630
1360  630
1361  630
1362  630
1363  630
1366  630
1367  630
1347  631
1348  631
1349  631
1350  631
1351  631
1352  631
1353  631
1354  631
1355  631
1356  631
1357  631
1358  631
1359  631
1360  631
1361  631
1362  631
1363  631
1364  631
1365  631
1366  631
1367  631
1368  631
1369  631
1370  631
1371  631
1372  631
1374  631
1375  631
1376  631
1379  631
1355  632
1356  632
1357  632
1358  632
1359  632
1360  632
1361  632
1362  632
1363  632
1364  632
1365  632
1366  632
1367  632
1368  632
1369  632
1370  632
1371  632
1372  632
1373  632
1374  632
1375  632
1376  632
1377  632
1378  632
1379  632
1380  632
1381  632
1382  632
1383  632
1384  632
1385  632
1386  632
1363  633
1364  633
1367  633
1368  633
1369  633
1370  633
1371  633
1372  633
1373  633
1374  633
1375  633
1376  633
1377  633
1378  633
1379  633
1380  633
1381  633
1382  633
1383  633
1384  633
1385  633
1386  633
1387  633
1388  633
1389  633
1390  633
1391  633
1392  633
1393  633
1394  633
1375  634
1376  634
1377  634
1378  634
1379  634
1380  634
1381  634
1382  634
1383  634
1384  634
1385  634
1386  634
1387  634
1388  634
1389  634
1390  634
1391  634
1392  634
1393  634
1394  634
1382  635
1383  635
1384  635
1385  635
1386  635
1387  635
1388  635
1389  635
1390  635
1392  635
1393  635
1394  635
1395  635
1389  636
1391  636
1392  636
1393  636
 198  768
 199  768
 200  768
 201  768
 204  768
 205  768
 198  769
 199  769
 200  769
 201  769
 202  769
 203  769
 204  769
 205  769
 206  769
 207  769
 208  769
 209  769
 210  769
 211  769
 212  769
 213  769
 214  769
 198  770
 199  770
 200  770
 201  770
 202  770
 203  770
 204  770
 205  770
 206  770
 207  770
 208  770
 209  770
 210  770
 211  770
 212  770
 213  770
 214  770
 215  770
 216  770
 217  770
 218  770
 219  770
 220  770
 221  770
 222  770
 223  770
 224  770
 225  770
 199  771
 200  771
 201  771
 202  771
 203  771
 204  771
 205  771
 206  771
 207  771
 208  771
 209  771
 210  771
 211  771
 212  771
 213  771
 214  771
 215  771
 216  771
 217  771
 218  771
 219  771
 220  771
 221  771
 222  771
 223  771
 224  771
 225  771
 226  771
 227  771
 228  771
 229  771
 230  771
 231  771
 232  771
 233  771
 234  771
 207  772
 208  772
 209  772
 210  772
 211  772
 212  772
 213  772
 214  772
 215  772
 216  772
 217  772
 218  772
 219  772
 220  772
 221  772
 222  772
 223  772
 224  772
 225  772
 226  772
 227  772
 228  772
 229  772
 230  772
 231  772
 232  772
 233  772
 234  772
 235  772
 236  772
 237  772
 238  772
 239  772
 240  772
 241  772
 242  772
 213  773
 214  773
 215  773
 216  773
 217  773
 218  773
 219  773
 220  773
 221  773
 222  773
 223  773
 224  773
 225  773
 226  773
 227  773
 228  773
 229  773
 230  773
 231  773
 232  773
 233  773
 234  773
 235  773
 236  773
 237  773
 238  773
 239  773
 240  773
 241  773
 242  773
 243  773
 244  773
 245  773
 246  773
 247  773
 248  773
 249  773
 250  773
 251  773
 221  774
 226  774
 227  774
 228  774
 229  774
 230  774
 231  774
 232  774
 233  774
 234  774
 235  774
 236  774
 237  774
 238  774
 239  774
 240  774
 241  774
 242  774
 243  774
 244  774
 245  774
 246  774
 247  774
 248  774
 249  774
 250  774
 251  774
 252  774
 253  774
 254  774
 255  774
 256  774
 257  774
 258  774
 259  774
 260  774
 238  775
 239  775
 240  775
 241  775
 242  775
 243  775
 244  775
 245  775
 246  775
 247  775
 248  775
 249  775
 250  775
 251  775
 252  775
 253  775
 254  775
 255  775
 256  775
 257  775
 258  775
 259  775
 260  775
 261  775
 262  775
 245  776
 246  776
 247  776
 248  776
 249  776
 250  776
 251  776
 252  776
 253  776
 254  776
 255  776
 256  776
 257  776
 258  776
 259  776
 260  776
 261  776
 262  776
 254  777
 255  777
 256  777
 257  777
 258  777
 259  777
 260  777
 261  777
 262  777
 428  792
 429  792
 424  793
 425  793
 426  793
 427  793
 428  793
 429  793
 430  793
 431  793
 432  793
 433  793
 434  793
 435  793
 436  793
 437  793
 438  793
 425  794
 426  794
 427  794
 428  794
 429  794
 430  794
 431  794
 432  794
 433  794
 434  794
 435  794
 436  794
 437  794
 438  794
 439  794
 440  794
 441  794
 442  794
 443  794
 444  794
 445  794
 446  794
 447  794
 425  795
 426  795
 427  795
 428  795
 429  795
 430  795
 431  795
 432  795
 433  795
 434  795
 435  795
 436  795
 437  795
 438  795
 439  795
 440  795
 441  795
 442  795
 443  795
 444  795
 445  795
 446  795
 447  795
 448  795
 449  795
 450  795
 451  795
 452  795
 453  795
 454  795
 455  795
 426  796
 429  796
 430  796
 431  796
 432  796
 433  796
 434  796
 435  796
 436  796
 437  796
 438  796
 439  796
 440  796
 441  796
 442  796
 443  796
 444  796
 445  796
 446  796
 447  796
 448  796
 449  796
 450  796
 451  796
 452  796
 453  796
 454  796
 455  796
 456  796
 457  796
 458  796
 459  796
 460  796
 461  796
 462  796
 463  796
 464  796
 435  797
 436  797
 438  797
 439  797
 440  797
 441  797
 442  797
 443  797
 444  797
 445  797
 446  797
 447  797
 448  797
 449  797
 450  797
 451  797
 452  797
 453  797
 454  797
 455  797
 456  797
 457  797
 458  797
 459  797
 460  797
 461  797
 462  797
 463  797
 464  797
 465  797
 466  797
 467  797
 468  797
 469  797
 470  797
 471  797
 472  797
 473  797
 474  797
 475  797
 476  797
 477  797
 441  798
 442  798
 443  798
 444  798
 445  798
 446  798
 447  798
 448  798
 449  798
 450  798
 451  798
 452  798
 453  798
 454  798
 455  798
 456  798
 457  798
 458  798
 459  798
 460  798
 461  798
 462  798
 463  798
 464  798
 465  798
 466  798
 467  798
 468  798
 469  798
 470  798
 471  798
 472  798
 473  798
 474  798
 475  798
 476  798
 477  798
 478  798
 479  798
 480  798
 481  798
 482  798
 483  798
 484  798
 485  798
 450  799
 451  799
 452  799
 453  799
 454  799
 457  799
 458  799
 459  799
 460  799
 461  799
 462  799
 463  799
 464  799
 465  799
 466  799
 467  799
 468  799
 469  799
 470  799
 471  799
 472  799
 473  799
 474  799
 475  799
 476  799
 477  799
 478  799
 479  799
 480  799
 481  799
 482  799
 483  799
 484  799
 485  799
 486  799
 487  799
 488  799
 465  800
 466  800
 467  800
 468  800
 469  800
 470  800
 471  800
 472  800
 473  800
 474  800
 475  800
 476  800
 477  800
 478  800
 479  800
 480  800
 481  800
 482  800
 483  800
 484  800
 485  800
 486  800
 487  800
 488  800
 489  800
 473  801
 474  801
 475  801
 476  801
 477  801
 478  801
 479  801
 480  801
 481  801
 482  801
 483  801
 484  801
 485  801
 486  801
 487  801
 488  801
 489  801
 490  801
 485  802
 486  802
 487  802
 488  802
 489  802
 652  816
 653  816
 654  816
 655  816
 656  816
 653  817
 654  817
 655  817
 656  817
 657  817
 658  817
 659  817
 660  817
 661  817
 662  817
 663  817
 664  817
 665  817
 653  818
 654  818
 655  818
 656  818
 657  818
 658  818
 659  818
 660  818
 661  818
 662  818
 663  818
 664  818
 665  818
 666  818
 667  818
 668  818
 669  818
 670  818
 671  818
 672  818
 673  818
 674  818
 675  818
 654  819
 655  819
 656  819
 657  819
 658  819
 659  819
 660  819
 661  819
 662  819
 663  819
 664  819
 665  819
 666  819
 667  819
 668  819
 669  819
 670  819
 671  819
 672  819
 673  819
 674  819
 675  819
 676  819
 677  819
 678  819
 679  819
 680  819
 681  819
 682  819
 683  819
 684  819
 657  820
 658  820
 659  820
 660  820
 661  820
 662  820
 663  820
 664  820
 665  820
 666  820
 667  820
 668  820
 669  820
 670  820
 671  820
 672  820
 673  820
 674  820
 675  820
 676  820
 677  820
 678  820
 679  820
 680  820
 681  820
 682  820
 683  820
 684  820
 685  820
 686  820
 687  820
 688  820
 689  820
 690  820
 691  820
 692  820
 662  821
 663  821
 664  821
 665  821
 666  821
 667  821
 668  821
 669  821
 670  821
 671  821
 672  821
 673  821
 674  821
 675  821
 676  821
 677  821
 678  821
 679  821
 680  821
 681  821
 682  821
 683  821
 684  821
 685  821
 686  821
 687  821
 688  821
 689  821
 690  821
 691  821
 692  821
 693  821
 694  821
 695  821
 696  821
 697  821
 698  821
 699  821
 700  821
 670  822
 671  822
 672  822
 673  822
 674  822
 675  822
 676  822
 677  822
 678  822
 679  822
 680  822
 681  822
 682  822
 683  822
 684  822
 685  822
 686  822
 687  822
 688  822
 689  822
 690  822
 691  822
 692  822
 693  822
 694  822
 695  822
 696  822
 697  822
 698  822
 699  822
 700  822
 701  822
 702  822
 703  822
 704  822
 705  822
 706  822
 707  822
 708  822
 709  822
 679  823
 680  823
 681  823
 682  823
 683  823
 684  823
 685  823
 686  823
 687  823
 688  823
 689  823
 690  823
 691  823
 692  823
 693  823
 694  823
 695  823
 696  823
 697  823
 698  823
 699  823
 700  823
 701  823
 702  823
 703  823
 704  823
 705  823
 706  823
 707  823
 708  823
 709  823
 710  823
 711  823
 712  823
 713  823
 714  823
 687  824
 688  824
 689  824
 690  824
 691  824
 692  824
 693  824
 694  824
 695  824
 696  824
 697  824
 698  824
 699  824
 700  824
 701  824
 702  824
 703  824
 704  824
 705  824
 706  824
 707  824
 708  824
 709  824
 710  824
 711  824
 712  824
 713  824
 714  824
 715  824
 716  824
 696  825
 697  825
 698  825
 699  825
 700  825
 701  825
 702  825
 703  825
 704  825
 705  825
 706  825
 707  825
 708  825
 709  825
 710  825
 711  825
 712  825
 713  825
 714  825
 715  825
 706  826
 707  826
 708  826
 709  826
 710  826
 711  826
 712  826
 713  826
 714  826
 712  827
 713  827
 714  827
 882  842
 883  842
 884  842
 885  842
 886  842
 887  842
 880  843
 881  843
 882  843
 883  843
 884  843
 885  843
 886  843
 887  843
 888  843
 889  843
 890  843
 891  843
 892  843
 893  843
 880  844
 881  844
 882  844
 883  844
 884  844
 885  844
 886  844
 887  844
 888  844
 889  844
 890  844
 891  844
 892  844
 893  844
 894  844
 895  844
 896  844
 897  844
 898  844
 899  844
 900  844
 901  844
 902  844
 903  844
 904  844
 905  844
 906  844
 881  845
 882  845
 883  845
 884  845
 885  845
 886  845
 887  845
 888  845
 889  845
 890  845
 891  845
 892  845
 893  845
 894  845
 895  845
 896  845
 897  845
 898  845
 899  845
 900  845
 901  845
 902  845
 903  845
 904  845
 905  845
 906  845
 907  845
 908  845
 909  845
 910  845
 911  845
 885  846
 886  846
 887  846
 888  846
 889  846
 890  846
 891  846
 892  846
 893  846
 894  846
 895  846
 896  846
 897  846
 898  846
 899  846
 900  846
 901  846
 902  846
 903  846
 904  846
 905  846
 906  846
 907  846
 908  846
 909  846
 910  846
 911  846
 912  846
 913  846
 914  846
 915  846
 916  846
 917  846
 918  846
 919  846
 920  846
 921  846
 879  847
 880  847
 881  847
 882  847
 883  847
 884  847
 896  847
 897  847
 898  847
 899  847
 900  847
 901  847
 902  847
 903  847
 904  847
 905  847
 906  847
 907  847
 908  847
 909  847
 910  847
 911  847
 912  847
 913  847
 914  847
 915  847
 916  847
 917  847
 918  847
 919  847
 920  847
 921  847
 922  847
 923  847
 924  847
 925  847
 926  847
 927  847
 928  847
 929  847
 930  847
 931  847
 932  847
 933  847
 885  848
 891  848
 905  848
 906  848
 907  848
 908  848
 909  848
 910  848
 911  848
 912  848
 913  848
 914  848
 915  848
 916  848
 917  848
 918  848
 919  848
 920  848
 921  848
 922  848
 923  848
 924  848
 925  848
 926  848
 927  848
 928  848
 929  848
 930  848
 931  848
 932  848
 933  848
 934  848
 935  848
 936  848
 937  848
 938  848
 940  848
 941  848
 885  849
 886  849
 887  849
 888  849
 889  849
 890  849
 891  849
 892  849
 893  849
 906  849
 917  849
 918  849
 919  849
 920  849
 921  849
 922  849
 923  849
 924  849
 925  849
 926  849
 927  849
 928  849
 929  849
 930  849
 931  849
 932  849
 933  849
 934  849
 935  849
 936  849
 937  849
 938  849
 939  849
 940  849
 941  849
 942  849
 888  850
 889  850
 890  850
 891  850
 892  850
 893  850
 894  850
 895  850
 896  850
 897  850
 898  850
 899  850
 923  850
 924  850
 925  850
 926  850
 927  850
 928  850
 929  850
 930  850
 931  850
 932  850
 933  850
 934  850
 935  850
 936  850
 937  850
 938  850
 939  850
 940  850
 941  850
 942  850
 894  851
 895  851
 896  851
 897  851
 898  851
 899  851
 931  851
 932  851
 933  851
 934  851
 935  851
 936  851
 937  851
 938  851
 939  851
 940  851
 941  851
 942  851
 894  852
 895  852
 290  857
 291  857
 283  858
 284  858
 285  858
 286  858
 287  858
 288  858
 289  858
 290  858
 291  858
 282  859
 283  859
 284  859
 285  859
 286  859
 287  859
 288  859
 289  859
 290  859
 291  859
 292  859
 293  859
 294  859
 295  859
 296  859
 297  859
 302  859
 303  859
 304  859
 286  860
 287  860
 288  860
 289  860
 290  860
 295  860
 296  860
 297  860
 298  860
 299  860
 300  860
 301  860
 302  860
 303  860
 304  860
 305  860
 306  860
 307  860
 308  860
 309  860
 310  860
 313  860
 316  860
 317  860
 318  860
 297  861
 300  861
 301  861
 302  861
 303  861
 304  861
 305  861
 306  861
 307  861
 308  861
 309  861
 310  861
 311  861
 312  861
 313  861
 314  861
 318  861
 319  861
 323  861
 324  861
 325  861
 309  862
 310  862
 311  862
 312  862
 313  862
 314  862
 315  862
 316  862
 317  862
 318  862
 319  862
 325  862
 329  862
 331  862
 332  862
 318  863
 319  863
 320  863
 321  863
 322  863
 323  863
 324  863
 325  863
 326  863
 327  863
 328  863
 329  863
 332  863
 337  863
 338  863
 327  864
 328  864
 329  864
 330  864
 331  864
 332  864
 333  864
 334  864
 335  864
 336  864
 337  864
 338  864
 339  864
 340  864
 341  864
 342  864
 343  864
 336  865
 337  865
 338  865
 339  865
 340  865
 341  865
 342  865
 343  865
 344  865
 345  865
 346  865
 347  865
 348  865
 349  865
 350  865
 351  865
 352  865
 353  865
 345  866
 346  866
 347  866
 348  866
 349  866
 350  866
 351  866
 352  866
 353  866
 354  866
 355  866
 356  866
 357  866
 358  866
 359  866
 360  866
 362  866
1108  866
1109  866
1110  866
1111  866
1112  866
 353  867
 354  867
 355  867
 356  867
 357  867
 358  867
 359  867
 360  867
 361  867
 362  867
 363  867
 364  867
 365  867
 366  867
 367  867
1108  867
1109  867
1110  867
1111  867
1112  867
1113  867
1114  867
1115  867
1116  867
1117  867
1118  867
1119  867
1120  867
1108  868
1109  868
1110  868
1111  868
1112  868
1113  868
1114  868
1115  868
1116  868
1117  868
1118  868
1119  868
1120  868
1121  868
1122  868
1123  868
1124  868
1125  868
1129  868
1108  869
1109  869
1110  869
1111  869
1112  869
1113  869
1114  869
1115  869
1116  869
1117  869
1118  869
1119  869
1120  869
1121  869
1122  869
1123  869
1124  869
1125  869
1126  869
1127  869
1128  869
1129  869
1130  869
1131  869
1132  869
1133  869
1134  869
1135  869
1136  869
1137  869
1138  869
1110  870
1111  870
1112  870
1113  870
1114  870
1115  870
1116  870
1117  870
1118  870
1119  870
1120  870
1121  870
1122  870
1123  870
1124  870
1125  870
1126  870
1127  870
1128  870
1129  870
1130  870
1131  870
1132  870
1133  870
1134  870
1135  870
1136  870
1137  870
1138  870
1139  870
1140  870
1141  870
1142  870
1143  870
1144  870
1147  870
1117  871
1119  871
1120  871
1121  871
1122  871
1123  871
1125  871
1126  871
1127  871
1128  871
1129  871
1130  871
1131  871
1132  871
1133  871
1134  871
1135  871
1136  871
1137  871
1138  871
1139  871
1140  871
1141  871
1142  871
1143  871
1144  871
1145  871
1146  871
1147  871
1148  871
1149  871
1150  871
1151  871
1152  871
1153  871
1154  871
1126  872
1127  872
1128  872
1129  872
1130  872
1131  872
1132  872
1133  872
1134  872
1135  872
1136  872
1137  872
1138  872
1139  872
1140  872
1141  872
1142  872
1143  872
1144  872
1145  872
1146  872
1147  872
1148  872
1149  872
1150  872
1151  872
1152  872
1153  872
1154  872
1155  872
1156  872
1157  872
1158  872
1159  872
1160  872
1161  872
1162  872
1163  872
1136  873
1137  873
1138  873
1139  873
1140  873
1141  873
1142  873
1143  873
1144  873
1145  873
1146  873
1147  873
1148  873
1149  873
1150  873
1151  873
1152  873
1153  873
1154  873
1155  873
1156  873
1157  873
1158  873
1159  873
1160  873
1161  873
1162  873
1163  873
1164  873
1165  873
1166  873
1142  874
1143  874
1144  874
1145  874
1146  874
1147  874
1148  874
1149  874
1150  874
1151  874
1152  874
1153  874
1154  874
1155  874
1156  874
1157  874
1158  874
1159  874
1160  874
1161  874
1162  874
1163  874
1164  874
1165  874
1166  874
1167  874
1152  875
1153  875
1154  875
1155  875
1156  875
1157  875
1158  875
1159  875
1160  875
1161  875
1162  875
1163  875
1164  875
1165  875
1166  875
1167  875
1168  875
1159  876
1160  876
1161  876
1162  876
1163  876
1164  876
1165  876
1166  876
1167  876
1168  876
1337  891
1338  891
1335  892
1336  892
1337  892
1338  892
1339  892
1340  892
1341  892
1342  892
1343  892
1344  892
1345  892
1348  892
1335  893
1336  893
1337  893
1338  893
1339  893
1340  893
1341  893
1342  893
1343  893
1344  893
1345  893
1346  893
1347  893
1348  893
1349  893
1350  893
1351  893
1352  893
1353  893
1354  893
1355  893
1335  894
1336  894
1337  894
1338  894
1339  894
1340  894
1341  894
1342  894
1343  894
1344  894
1345  894
1346  894
1347  894
1348  894
1349  894
1350  894
1351  894
1352  894
1353  894
1354  894
1355  894
1356  894
1357  894
1358  894
1359  894
1360  894
1361  894
1362  894
1363  894
1364  894
1365  894
1339  895
1340  895
1341  895
1342  895
1343  895
1344  895
1345  895
1346  895
1347  895
1348  895
1349  895
1350  895
1351  895
1352  895
1353  895
1354  895
1355  895
1356  895
1357  895
1358  895
1359  895
1360  895
1361  895
1362  895
1363  895
1364  895
1365  895
1366  895
1367  895
1368  895
1369  895
1370  895
1371  895
1372  895
1373  895
1374  895
1375  895
1345  896
1346  896
1347  896
1348  896
1349  896
1350  896
1351  896
1352  896
1353  896
1354  896
1355  896
1356  896
1357  896
1358  896
1359  896
1360  896
1361  896
1362  896
1363  896
1364  896
1365  896
1366  896
1367  896
1368  896
1369  896
1370  896
1371  896
1372  896
1373  896
1374  896
1375  896
1376  896
1377  896
1378  896
1379  896
1380  896
1381  896
1382  896
1383  896
1356  897
1357  897
1358  897
1359  897
1360  897
1361  897
1362  897
1363  897
1364  897
1365  897
1366  897
1367  897
1368  897
1369  897
1370  897
1371  897
1372  897
1373  897
1374  897
1375  897
1376  897
1377  897
1378  897
1379  897
1380  897
1381  897
1382  897
1383  897
1384  897
1385  897
1386  897
1387  897
1388  897
1389  897
1390  897
1391  897
1392  897
1393  897
1366  898
1367  898
1368  898
1369  898
1370  898
1371  898
1372  898
1373  898
1374  898
1375  898
1376  898
1377  898
1378  898
1379  898
1380  898
1381  898
1382  898
1383  898
1384  898
1385  898
1386  898
1387  898
1388  898
1389  898
1390  898
1391  898
1392  898
1393  898
1394  898
1395  898
1371  899
1374  899
1375  899
1376  899
1377  899
1378  899
1379  899
1380  899
1381  899
1382  899
1383  899
1384  899
1385  899
1386  899
1387  899
1388  899
1389  899
1390  899
1391  899
1392  899
1393  899
1394  899
1380  900
1381  900
1384  900
1385  900
1386  900
1387  900
1388  900
1389  900
1390  900
1391  900
1392  900
1393  900
1394  900
1390  901
1391  901
1392  901
1393  901
