Size of image: 1430 by 1430 
   1  747
   2  747
   3  747
   4  747
   5  747
   6  747
   1  748
   2  748
   3  748
   4  748
   5  748
   6  748
   7  748
   8  748
   9  748
  10  748
  11  748
  12  748
  13  748
  14  748
   1  749
   2  749
   3  749
   4  749
   5  749
   6  749
   7  749
   8  749
   9  749
  10  749
  11  749
  12  749
  13  749
  14  749
  15  749
  16  749
  17  749
  18  749
  19  749
  20  749
  21  749
  22  749
  23  749
  24  749
   1  750
   2  750
   3  750
   4  750
   5  750
   6  750
   7  750
   8  750
   9  750
  10  750
  11  750
  12  750
  13  750
  14  750
  15  750
  16  750
  17  750
  18  750
  19  750
  20  750
  21  750
  22  750
  23  750
  24  750
  25  750
  26  750
  27  750
  28  750
  29  750
  30  750
  31  750
  32  750
   4  751
   7  751
   8  751
   9  751
  10  751
  11  751
  12  751
  13  751
  14  751
  15  751
  16  751
  17  751
  18  751
  19  751
  20  751
  21  751
  22  751
  23  751
  24  751
  25  751
  26  751
  27  751
  28  751
  29  751
  30  751
  31  751
  32  751
  33  751
  34  751
  35  751
  36  751
  11  752
  12  752
  13  752
  14  752
  15  752
  16  752
  17  752
  18  752
  19  752
  20  752
  21  752
  22  752
  23  752
  24  752
  25  752
  26  752
  27  752
  28  752
  29  752
  30  752
  31  752
  32  752
  33  752
  34  752
  35  752
  36  752
  23  753
  24  753
  25  753
  26  753
  27  753
  28  753
  29  753
  30  753
  31  753
  32  753
  33  753
  34  753
  35  753
  30  754
  31  754
  32  754
  33  754
  34  754
  35  754
  10  755
  11  755
  12  755
  15  755
  16  755
  17  755
  33  755
  34  755
  35  755
   9  756
  10  756
  11  756
  12  756
  13  756
  14  756
  15  756
  16  756
  17  756
  18  756
  19  756
  26  756
  27  756
  28  756
  31  756
  32  756
  33  756
  34  756
   8  757
   9  757
  10  757
  11  757
  12  757
  13  757
  14  757
  15  757
  16  757
  17  757
  18  757
  19  757
  20  757
  21  757
  22  757
  23  757
  24  757
  25  757
  26  757
  27  757
  28  757
  29  757
  30  757
  31  757
  32  757
  33  757
  34  757
  12  758
  15  758
  16  758
  17  758
  18  758
  19  758
  20  758
  21  758
  22  758
  23  758
  24  758
  25  758
  26  758
  27  758
  28  758
  29  758
  30  758
  31  758
  32  758
  33  758
  34  758
  35  758
  36  758
  37  758
  12  759
  15  759
  16  759
  17  759
  18  759
  19  759
  20  759
  21  759
  22  759
  23  759
  24  759
  25  759
  26  759
  27  759
  28  759
  29  759
  30  759
  31  759
  32  759
  33  759
  34  759
  35  759
  36  759
  37  759
  38  759
  39  759
  12  760
  19  760
  20  760
  21  760
  22  760
  23  760
  24  760
  25  760
  26  760
  27  760
  28  760
  29  760
  30  760
  31  760
  32  760
  33  760
  34  760
  35  760
  36  760
  37  760
  38  760
  11  761
  12  761
  22  761
  23  761
  24  761
  25  761
  26  761
  27  761
  28  761
  29  761
  30  761
  31  761
  32  761
  33  761
  34  761
  35  761
  36  761
  37  761
  11  762
  12  762
  25  762
  26  762
  27  762
  34  762
  35  762
  36  762
  12  763
  13  763
  14  763
  15  763
  34  763
  35  763
  36  763
  14  764
  34  764
1325  889
1324  890
1325  890
1326  890
1322  891
1323  891
1326  891
1327  891
1337  891
1338  891
1339  891
1320  892
1321  892
1322  892
1323  892
1335  892
1336  892
1337  892
1338  892
1339  892
1340  892
1341  892
1342  892
1343  892
1344  892
1345  892
1346  892
1348  892
1318  893
1321  893
1322  893
1323  893
1334  893
1335  893
1336  893
1337  893
1338  893
1339  893
1340  893
1341  893
1342  893
1343  893
1344  893
1345  893
1346  893
1347  893
1348  893
1349  893
1350  893
1351  893
1352  893
1353  893
1354  893
1355  893
1318  894
1322  894
1335  894
1336  894
1337  894
1338  894
1339  894
1340  894
1341  894
1342  894
1343  894
1344  894
1345  894
1346  894
1347  894
1348  894
1349  894
1350  894
1351  894
1352  894
1353  894
1354  894
1355  894
1356  894
1357  894
1358  894
1359  894
1360  894
1361  894
1362  894
1363  894
1364  894
1365  894
1366  894
1319  895
1323  895
1328  895
1339  895
1340  895
1341  895
1342  895
1343  895
1344  895
1345  895
1346  895
1347  895
1348  895
1349  895
1350  895
1351  895
1352  895
1353  895
1354  895
1355  895
1356  895
1357  895
1358  895
1359  895
1360  895
1361  895
1362  895
1363  895
1364  895
1365  895
1366  895
1367  895
1368  895
1369  895
1370  895
1371  895
1372  895
1373  895
1374  895
1375  895
1376  895
1378  895
1379  895
1319  896
1320  896
1322  896
1323  896
1324  896
1328  896
1345  896
1346  896
1347  896
1348  896
1349  896
1350  896
1351  896
1352  896
1353  896
1354  896
1355  896
1356  896
1357  896
1358  896
1359  896
1360  896
1361  896
1362  896
1363  896
1364  896
1365  896
1366  896
1367  896
1368  896
1369  896
1370  896
1371  896
1372  896
1373  896
1374  896
1375  896
1376  896
1377  896
1378  896
1379  896
1380  896
1381  896
1382  896
1383  896
1384  896
1385  896
1319  897
1320  897
1321  897
1322  897
1323  897
1324  897
1325  897
1328  897
1332  897
1333  897
1356  897
1357  897
1358  897
1359  897
1360  897
1361  897
1362  897
1363  897
1364  897
1365  897
1366  897
1367  897
1368  897
1369  897
1370  897
1371  897
1372  897
1373  897
1374  897
1375  897
1376  897
1377  897
1378  897
1379  897
1380  897
1381  897
1382  897
1383  897
1384  897
1385  897
1386  897
1387  897
1388  897
1389  897
1390  897
1391  897
1392  897
1393  897
1394  897
1319  898
1320  898
1321  898
1322  898
1323  898
1324  898
1325  898
1328  898
1329  898
1331  898
1332  898
1333  898
1365  898
1366  898
1367  898
1368  898
1369  898
1370  898
1371  898
1372  898
1373  898
1374  898
1375  898
1376  898
1377  898
1378  898
1379  898
1380  898
1381  898
1382  898
1383  898
1384  898
1385  898
1386  898
1387  898
1388  898
1389  898
1390  898
1391  898
1392  898
1393  898
1394  898
1395  898
1396  898
1319  899
1320  899
1321  899
1322  899
1323  899
1324  899
1325  899
1326  899
1327  899
1328  899
1329  899
1330  899
1331  899
1332  899
1344  899
1345  899
1348  899
1349  899
1350  899
1368  899
1371  899
1373  899
1374  899
1375  899
1376  899
1377  899
1378  899
1379  899
1380  899
1381  899
1382  899
1383  899
1384  899
1385  899
1386  899
1387  899
1388  899
1389  899
1390  899
1391  899
1392  899
1393  899
1394  899
1395  899
1319  900
1320  900
1321  900
1322  900
1323  900
1324  900
1325  900
1326  900
1327  900
1328  900
1329  900
1330  900
1331  900
1332  900
1336  900
1337  900
1338  900
1339  900
1340  900
1344  900
1345  900
1346  900
1347  900
1348  900
1349  900
1350  900
1379  900
1380  900
1381  900
1382  900
1383  900
1384  900
1385  900
1386  900
1387  900
1388  900
1389  900
1390  900
1391  900
1392  900
1393  900
1394  900
1319  901
1320  901
1321  901
1322  901
1323  901
1324  901
1325  901
1326  901
1327  901
1328  901
1329  901
1330  901
1331  901
1332  901
1336  901
1337  901
1338  901
1339  901
1340  901
1341  901
1342  901
1343  901
1344  901
1345  901
1346  901
1347  901
1348  901
1349  901
1350  901
1351  901
1354  901
1355  901
1356  901
1357  901
1368  901
1369  901
1370  901
1387  901
1388  901
1389  901
1390  901
1391  901
1392  901
1393  901
1320  902
1321  902
1322  902
1323  902
1324  902
1325  902
1326  902
1327  902
1328  902
1329  902
1331  902
1332  902
1333  902
1335  902
1336  902
1337  902
1338  902
1339  902
1340  902
1341  902
1342  902
1343  902
1344  902
1345  902
1346  902
1347  902
1348  902
1349  902
1350  902
1351  902
1354  902
1355  902
1356  902
1357  902
1367  902
1368  902
1369  902
1370  902
1373  902
1374  902
1375  902
1376  902
1377  902
1378  902
1379  902
1384  902
1385  902
1386  902
1387  902
1388  902
1321  903
1322  903
1323  903
1324  903
1325  903
1326  903
1327  903
1330  903
1331  903
1332  903
1333  903
1334  903
1335  903
1336  903
1337  903
1341  903
1342  903
1343  903
1344  903
1345  903
1346  903
1347  903
1348  903
1354  903
1355  903
1356  903
1368  903
1369  903
1370  903
1373  903
1374  903
1375  903
1376  903
1377  903
1378  903
1379  903
1380  903
1383  903
1384  903
1385  903
1386  903
1387  903
1388  903
1409  903
1321  904
1330  904
1331  904
1332  904
1333  904
1334  904
1335  904
1339  904
1340  904
1341  904
1342  904
1344  904
1345  904
1346  904
1347  904
1353  904
1354  904
1355  904
1356  904
1357  904
1368  904
1369  904
1375  904
1376  904
1377  904
1378  904
1379  904
1380  904
1381  904
1382  904
1383  904
1384  904
1385  904
1386  904
1387  904
1388  904
1405  904
1406  904
1407  904
1408  904
1409  904
1410  904
1321  905
1322  905
1336  905
1337  905
1338  905
1339  905
1340  905
1341  905
1345  905
1346  905
1347  905
1354  905
1355  905
1356  905
1357  905
1358  905
1359  905
1360  905
1364  905
1367  905
1368  905
1369  905
1372  905
1373  905
1374  905
1375  905
1376  905
1377  905
1378  905
1379  905
1380  905
1381  905
1382  905
1383  905
1384  905
1385  905
1386  905
1387  905
1388  905
1389  905
1405  905
1406  905
1407  905
1408  905
1409  905
1410  905
1321  906
1322  906
1336  906
1337  906
1338  906
1339  906
1345  906
1346  906
1347  906
1348  906
1356  906
1357  906
1358  906
1359  906
1360  906
1364  906
1365  906
1366  906
1367  906
1368  906
1369  906
1370  906
1371  906
1372  906
1373  906
1374  906
1375  906
1376  906
1377  906
1378  906
1379  906
1380  906
1381  906
1382  906
1383  906
1384  906
1385  906
1386  906
1387  906
1388  906
1389  906
1390  906
1391  906
1392  906
1393  906
1394  906
1396  906
1397  906
1398  906
1399  906
1400  906
1405  906
1406  906
1407  906
1408  906
1409  906
1410  906
1332  907
1333  907
1336  907
1337  907
1345  907
1346  907
1347  907
1348  907
1353  907
1356  907
1357  907
1358  907
1359  907
1360  907
1361  907
1362  907
1363  907
1367  907
1368  907
1369  907
1371  907
1372  907
1373  907
1374  907
1375  907
1376  907
1377  907
1378  907
1379  907
1380  907
1381  907
1382  907
1383  907
1384  907
1385  907
1386  907
1387  907
1388  907
1389  907
1390  907
1391  907
1392  907
1393  907
1394  907
1395  907
1396  907
1397  907
1398  907
1399  907
1400  907
1401  907
1405  907
1406  907
1407  907
1408  907
1409  907
1410  907
1411  907
1329  908
1330  908
1331  908
1332  908
1333  908
1334  908
1335  908
1336  908
1345  908
1346  908
1347  908
1348  908
1349  908
1350  908
1351  908
1352  908
1353  908
1354  908
1359  908
1360  908
1361  908
1362  908
1363  908
1372  908
1373  908
1376  908
1377  908
1378  908
1379  908
1380  908
1381  908
1382  908
1383  908
1384  908
1385  908
1386  908
1387  908
1388  908
1389  908
1390  908
1391  908
1392  908
1393  908
1394  908
1395  908
1396  908
1397  908
1398  908
1399  908
1400  908
1401  908
1402  908
1403  908
1404  908
1405  908
1406  908
1407  908
1408  908
1409  908
1410  908
1411  908
1412  908
1419  908
1420  908
1421  908
1422  908
1327  909
1328  909
1329  909
1330  909
1331  909
1335  909
1336  909
1337  909
1339  909
1340  909
1341  909
1342  909
1343  909
1346  909
1347  909
1348  909
1349  909
1350  909
1351  909
1352  909
1353  909
1354  909
1359  909
1360  909
1361  909
1362  909
1363  909
1376  909
1377  909
1378  909
1379  909
1380  909
1381  909
1382  909
1383  909
1384  909
1385  909
1386  909
1387  909
1388  909
1389  909
1390  909
1391  909
1392  909
1393  909
1394  909
1395  909
1396  909
1397  909
1398  909
1399  909
1400  909
1401  909
1402  909
1403  909
1404  909
1405  909
1406  909
1407  909
1408  909
1409  909
1410  909
1411  909
1412  909
1413  909
1415  909
1419  909
1420  909
1421  909
1422  909
1326  910
1327  910
1328  910
1329  910
1335  910
1338  910
1339  910
1340  910
1341  910
1342  910
1343  910
1348  910
1349  910
1350  910
1351  910
1352  910
1353  910
1354  910
1359  910
1360  910
1361  910
1362  910
1363  910
1386  910
1387  910
1388  910
1389  910
1390  910
1391  910
1392  910
1393  910
1394  910
1395  910
1396  910
1397  910
1398  910
1399  910
1400  910
1401  910
1402  910
1403  910
1404  910
1405  910
1406  910
1408  910
1409  910
1410  910
1411  910
1412  910
1413  910
1414  910
1415  910
1416  910
1419  910
1420  910
1339  911
1340  911
1341  911
1350  911
1351  911
1353  911
1354  911
1359  911
1360  911
1361  911
1362  911
1386  911
1387  911
1388  911
1389  911
1390  911
1391  911
1392  911
1393  911
1394  911
1395  911
1396  911
1397  911
1398  911
1399  911
1400  911
1401  911
1402  911
1403  911
1404  911
1405  911
1406  911
1408  911
1409  911
1410  911
1411  911
1414  911
1415  911
1416  911
1418  911
1419  911
1420  911
1358  912
1359  912
1360  912
1361  912
1362  912
1386  912
1387  912
1388  912
1389  912
1390  912
1391  912
1392  912
1393  912
1394  912
1402  912
1403  912
1404  912
1408  912
1409  912
1410  912
1415  912
1416  912
1417  912
1418  912
1419  912
1420  912
1358  913
1359  913
1385  913
1386  913
1387  913
1388  913
1389  913
1390  913
1391  913
1392  913
1393  913
1394  913
1408  913
1409  913
1410  913
1414  913
1415  913
1416  913
1417  913
1418  913
1419  913
1386  914
1387  914
1388  914
1389  914
1390  914
1391  914
1392  914
1393  914
1394  914
1408  914
1409  914
1410  914
1413  914
1414  914
1415  914
1416  914
1417  914
1418  914
1419  914
1389  915
1390  915
1391  915
1392  915
1393  915
1402  915
1403  915
1404  915
1405  915
1406  915
1407  915
1408  915
1409  915
1413  915
1414  915
1415  915
1416  915
1417  915
1418  915
1389  916
1390  916
1402  916
1403  916
1404  916
1405  916
1407  916
1408  916
1412  916
1413  916
1414  916
1415  916
1416  916
1417  916
1418  916
1402  917
1403  917
1408  917
1411  917
1412  917
1413  917
1414  917
1415  917
1416  917
1417  917
1418  917
1419  917
1410  918
1411  918
1412  918
1413  918
1414  918
1415  918
1416  918
1417  918
1418  918
1419  918
1411  919
1418  919
1419  919
1420  919
1419  920
